6228
1099
442
730
8692
9758
9859
1456
4522
4070
2408
3260
1768
5943
3962
1198
3491
7050
4552
2263
450
4362
596
1428
3525
4686
2067
3557
2355
5331
5950
8889
4795
3429
6038
9272
2060
5451
4868
124
4528
108
4350
4733
7731
2209
9462
4088
7586
8489
6445
1867
8222
6403
8900
2751
9759
1883
2259
1091
2741
8612
8706
2769
2282
6046
4868
4991
2868
8917
3892
9140
4646
2438
3208
7156
9798
5550
8930
4938
2809
9968
9894
4866
7914
323
4117
6944
1114
4982
9319
3776
9346
6097
3736
5883
8500
4585
8377
7874
8431
6671
3431
810
96
7463
153
8805
6118
7184
738
6505
1038
4644
9255
4831
7309
4525
9755
7674
60
114
4357
3953
237
3261
8707
6283
5868
2011
4040
5158
5841
7311
4080
1828
2402
419
53
9891
9110
4028
5738
1927
852
4168
4260
3047
1465
6391
233
3648
5976
4147
6832
9610
843
1774
2600
6021
8824
2855
2725
863
2656
1960
3637
8117
1665
3519
1024
6531
4394
7078
2382
4314
4334
657
7986
5725
8786
2916
7956
5464
9089
4734
8797
8254
4288
6710
7115
8606
9947
8305
1780
4320
1085
2509
9000
1777
5727
590
9759
4505
2456
1218
5281
2997
818
4194
1332
6534
8925
1943
8208
8166
1149
8583
2047
3378
655
1771
7840
4984
7465
2462
1898
5742
9534
3940
6942
188
8753
9092
6901
3000
4737
6516
7144
8284
5363
6751
1375
8022
5166
7574
305
3228
9247
6256
8250
745
4556
3935
1466
7049
422
9441
1466
3613
9527
95
2730
6395
2107
8502
5494
8021
3420
1887
9559
5588
661
9885
8117
1185
9464
4275
9274
4495
4618
607
1986
8217
5276
4231
3711
612
8869
2463
7529
9936
8907
7059
6802
9632
177
7015
7719
7668
218
1065
6210
9935
6380
6960
9580
1098
9391
5171
3665
7188
5540
8088
7580
6340
627
1719
6113
2253
1724
6619
4105
7308
4207
2693
2808
8209
4856
7452
9162
5320
5218
9173
1292
4323
44
7386
2584
6230
5848
2682
6840
5326
9664
5582
731
3294
2436
3459
5173
3880
4110
2681
9952
3973
9287
1191
3841
5233
6722
9592
4086
918
6485
662
491
5747
6425
3633
8219
3816
4439
7932
6035
5873
8690
933
291
2493
9523
1471
3198
8329
2495
4590
33
8686
310
8142
1792
3860
2180
2528
4700
3921
3370
2449
9729
1555
6455
6473
1259
677
4095
1565
5848
7777
3422
7234
5785
4530
9478
9199
6082
4565
6483
3389
6305
5580
5232
734
4763
5518
9187
7222
9554
6127
6115
1115
5666
6871
3834
8533
5067
3745
181
7793
1369
4898
1032
7160
3183
9908
9678
4967
5363
271
9342
379
1522
8707
5162
9402
6100
3059
7041
7201
8634
7921
9972
4358
2084
1651
9398
6089
1391
3327
8492
9980
220
185
1892
2011
75
8933
1841
7770
8294
4042
3428
5771
3994
6582
103
1800
9344
2296
7476
4034
8523
3582
3874
5703
9897
4219
7647
2810
8492
7972
6569
9458
2467
5624
3206
1616
8273
6858
2035
9934
3007
2268
2457
2913
6301
5594
6572
9147
4931
6704
8990
16
4262
6360
9009
6034
2119
660
8329
795
6725
7348
8479
1158
9442
1557
8434
3531
5683
3495
8807
8581
4385
9128
4082
722
2381
4226
3373
9494
9281
1454
2357
1036
8577
3428
196
5803
8800
1
6536
2624
6110
4147
1507
8142
4911
6355
940
9582
6567
1711
9490
8437
5170
9651
5793
9921
1984
4387
2765
1487
9981
9544
9499
2188
4975
4389
5279
3125
1512
6885
560
830
7836
8468
9144
7404
7020
54
3304
2400
7536
407
2856
7088
340
5759
1131
7491
905
8961
9793
6920
6188
9266
6246
7219
9268
465
1911
3366
2277
5575
8389
8249
9505
6763
4915
6341
846
930
5450
3058
867
6370
4411
6171
5916
9026
8148
5739
3181
4704
5244
2854
7010
942
4680
1526
261
6297
3296
3793
8505
8728
8188
7683
9732
7726
2631
6029
649
6155
7622
6954
1795
6021
3586
6778
3741
4655
2896
6061
1646
5827
4882
7933
1331
1361
7735
3592
2629
6212
3901
9721
4969
2925
3767
562
4710
2735
2889
1513
6497
9046
7456
8780
4068
6980
8015
5377
685
6634
6932
9086
9634
8463
5144
7441
211
5712
8790
4558
1672
6612
7091
7492
2857
8971
1467
1386
8604
5138
7757
7963
601
6614
4732
6794
5834
8707
1606
9364
6526
8711
5250
9505
1037
2167
4978
7974
3557
6270
9736
7051
3778
2830
7061
3524
3021
2580
1900
5630
9691
9501
5478
2903
4246
2078
8462
6202
3786
8245
6060
5015
9909
1130
1071
7291
561
3121
9683
2608
1950
4942
5123
2275
6184
4005
5528
2910
9960
7150
9455
5202
4775
3330
9592
1731
4556
7556
587
1696
2102
6926
1573
9533
5814
4007
7280
7247
4244
8142
8192
9459
34
7158
2058
5291
557
8766
9071
7734
943
2316
3142
2075
4770
1477
6312
1874
5503
4411
1189
9231
6133
2308
8292
92
8133
4707
7543
8593
969
7573
2221
7907
2485
1370
3232
8678
4933
6109
6639
5872
8566
6482
9671
4748
6802
3964
9962
2136
3219
1208
3153
2379
872
8105
7901
6966
9429
912
5033
8294
4244
3560
6284
4563
474
7196
9611
9801
7717
854
4187
3040
1153
9604
3268
8426
3818
1881
321
2440
9195
8253
9027
6969
3109
434
5014
2721
1211
8644
6107
9954
5114
3564
1348
7849
4358
7426
2462
6455
7328
3356
4760
9098
4836
7239
563
8968
2606
5904
6146
7000
6028
9872
7456
8540
4031
1106
1392
7375
2203
5970
2655
3623
8846
1972
7447
6903
6045
5822
7757
708
2026
7315
5834
5714
6178
6733
4918
5018
8259
9110
5184
6122
6458
4084
58
4441
2666
878
6465
5029
905
719
2123
3067
6404
6117
73
866
6643
7030
3692
997
1735
9265
5748
4635
5536
1852
291
1205
7164
2527
2255
9427
5897
2716
455
4147
7899
1514
2301
5527
6024
1181
7954
7586
4289
275
2703
5199
8252
2285
3151
9837
5580
1560
4570
5563
1906
7783
1020
6812
6445
6751
9109
9719
6364
7295
2921
6111
628
2393
7703
8521
2142
7169
1351
6703
8216
5010
7677
3904
219
871
3882
7905
4124
9757
9585
2740
4860
4578
4663
5524
42
6297
707
2730
5801
3342
7782
943
4252
3232
5956
3519
3373
5008
768
5766
4221
3685
6870
9610
5893
6441
5505
3732
5435
2547
7917
4796
5265
4625
2646
1584
3128
6370
5872
3872
9730
4110
2656
9370
5412
3107
615
2333
3898
8285
7295
9948
2788
5136
6126
1441
190
21
5048
2475
1390
7967
1073
5189
4854
313
2207
6900
7626
9662
8126
8157
3579
3796
3277
9217
1314
5589
2245
1031
1080
2540
4954
916
402
3513
4074
3449
362
6001
3907
4888
4152
3109
8385
7668
111
6668
8725
7397
5252
7456
4417
7125
3018
2754
159
5290
9881
5723
3330
1712
8285
1249
7828
7314
5754
2514
110
1781
284
3983
6038
1730
8301
2680
3314
8685
416
5136
2172
3958
6123
2397
7694
8940
8465
3150
6604
3945
253
4873
4000
958
7451
5616
3985
8043
2688
2207
2301
9579
1722
9973
8517
8362
3137
7549
536
5764
5917
7736
6663
4380
6769
280
4776
901
7622
3899
791
3937
3298
6466
3238
2691
6903
4845
708
2867
5912
9302
8924
734
7094
4246
6980
1142
3465
9432
4822
8237
5193
6008
7772
4506
6429
4326
5124
1606
410
5101
7315
214
7997
7851
5478
8661
1493
6573
4755
4060
5207
3769
6270
8545
3940
5031
600
3066
424
28
833
6764
3593
340
9294
5780
8144
6715
5030
4449
996
7305
8358
5997
3249
5752
5396
6854
5400
483
8385
8093
640
5148
5624
8777
8058
6042
3827
377
5394
9950
5644
1445
9345
7728
7777
2927
9088
8955
7297
1852
1271
7425
643
249
1907
5132
4453
4011
8213
4787
5954
1047
5335
5205
1917
3963
8330
5365
4154
199
8540
3041
7468
6955
6005
2625
9209
751
6640
3977
7161
7993
6006
4091
2845
4510
2117
7068
1965
8776
1648
1425
2634
3264
8433
4038
5202
9273
2122
4538
3681
4537
7592
491
884
5460
8088
809
762
9302
9092
9898
995
2269
3126
3290
4330
5121
4413
8268
8879
705
6029
2241
5453
2188
4529
8771
154
7064
1420
1695
7773
4482
7757
6686
2857
5474
208
7166
9288
2634
2112
1857
2195
6796
4699
2498
1629
8325
3535
4063
8784
6266
240
2935
9295
3485
6139
6642
3802
3804
2244
311
3872
3494
908
1214
3247
1339
2223
5667
9335
2271
777
9987
668
5450
3992
6999
5306
5487
2221
9530
2563
2711
2124
6360
7796
4153
7235
4309
5061
265
1160
7542
7279
9002
3083
2608
7177
1345
4250
4204
5211
5336
3714
7348
7875
2491
1363
9149
6325
7410
4333
3952
5693
5036
9783
3334
6624
3764
9678
6160
5072
2211
7882
2769
2751
2258
5036
9176
1899
2825
3092
9613
6216
9033
4576
3991
7099
3539
798
776
8338
8771
5474
9895
1889
940
4259
2935
9767
401
9903
3304
4879
9885
7567
58
8338
976
1094
9690
2682
6839
5827
507
7810
1671
7509
50
6569
5317
7182
5821
5829
8133
2816
6432
5875
7117
1108
6782
7261
6756
1210
8849
261
701
8379
151
6942
9418
3642
3993
5082
4287
5753
6520
8525
7333
903
3190
7936
9511
4087
4223
7234
2540
668
4290
6025
6113
1728
3487
5110
2546
6308
9407
9318
2485
626
7179
101
5716
9694
7930
3534
8101
3611
5370
4701
8855
7705
5914
3829
2683
4172
5233
9453
7693
5241
1615
7061
1949
9913
2639
4758
6143
864
8165
39
5467
5511
3962
8557
5697
8501
3600
4442
8621
6700
100
150
9986
5088
1808
7243
7607
6467
90
2618
9051
6107
1404
7227
774
8053
8128
1105
8189
6498
8904
4140
3873
9231
280
3288
8677
9475
2305
179
5866
4082
8474
7164
8554
8799
9884
3527
5117
3550
1403
4621
8522
8614
764
6336
5678
7733
8184
8316
658
190
3340
9128
6268
9518
3369
5084
5973
7389
798
7581
3362
2511
928
2452
2337
2266
580
8796
5618
7378
5561
1306
2207
6639
3461
1111
1274
928
2986
9577
6946
4889
7524
3936
8209
7272
6801
2828
3140
4358
9422
3707
6024
5624
3243
2656
3373
5925
2410
127
2058
9602
8201
7237
5358
7241
648
9525
414
3705
6153
9245
9295
6662
8997
7239
1874
1713
4293
9371
3303
50
7187
8802
7711
2097
4253
4805
4962
4005
5954
7460
7961
4180
5389
4962
282
6473
3260
5134
2558
6867
7596
7996
4560
1977
978
5826
6132
7916
1080
591
4081
3957
6850
8405
1212
1646
4636
8103
2387
1533
258
1054
5987
9882
5179
6614
9703
5457
563
6885
4413
6419
2932
2123
5398
8951
1088
5524
8170
2334
8334
7691
8310
612
6126
7129
5876
9874
4250
8891
2004
561
6428
8769
9788
9689
9462
2243
3881
5607
1314
9742
9265
3789
7798
6908
3463
4131
5347
4066
154
4347
5147
1618
4843
5922
9708
8881
5097
3795
1629
6003
3914
1205
9316
7138
40
8197
3362
4958
5077
5998
4860
2542
2349
1156
4263
9428
3559
5009
94
4751
6375
3095
4499
2490
1251
9971
6608
6994
5920
9843
4601
9301
3944
4734
8032
373
9178
8737
4115
8331
2127
5419
3766
5033
5860
4782
361
5560
6953
6309
9447
4624
6500
1285
442
438
5667
4716
2765
8911
4845
2438
6832
483
163
2159
3714
6813
312
9331
190
1423
5066
6448
980
7426
4476
8973
2562
3578
5665
7412
4191
9928
8375
5098
85
4042
8766
7200
2633
8077
8579
5170
9975
9651
5870
5948
3438
6143
9428
2941
7062
2556
9866
8803
6761
4669
4151
2518
1349
1152
9684
33
5277
7020
5026
250
5974
5594
7592
3075
7909
7680
3576
1577
787
7927
8189
6298
2202
5678
9892
6564
2542
8823
3219
6600
4619
3232
8730
6701
8918
4332
7733
2320
5219
5840
3115
2265
2339
1370
470
9289
4312
9706
4287
8560
9383
9477
9365
9580
2919
9438
9418
27
4044
9749
4730
8401
9835
7068
9833
7541
3514
8996
8264
9686
3974
6263
4644
1147
2671
2254
1867
1671
2660
5042
7371
2091
8823
8511
953
534
8156
1573
3803
9160
1747
5864
6451
4020
9584
4472
7256
1507
7763
4411
3186
9349
4617
7013
4706
8371
2926
3962
6588
7088
9069
4282
162
4606
2183
6763
2606
1916
4331
9045
427
3133
183
1446
641
8564
5756
7493
9947
1803
951
7236
2631
4195
785
1919
601
166
9717
3970
6620
5096
1225
4998
6838
8476
8123
4059
1863
6259
489
8674
5806
7119
3837
6625
4056
4182
9379
6970
1142
833
6105
9669
3401
2356
2034
3321
6989
6760
3302
5338
959
5924
5514
8908
8861
8331
5959
309
9480
5902
8602
6961
9272
7362
8455
7311
8573
9996
6683
121
8541
6889
2909
7889
4814
5978
2847
1878
2546
1437
7207
6294
4442
4295
8484
8189
2297
1213
2752
8700
3062
4193
8305
8037
9757
1433
5435
7314
3875
6908
3350
6326
2419
6070
2727
2891
1866
2075
1325
1770
5227
4744
3707
5770
5904
3365
1869
6175
1039
5718
5304
5844
9748
5089
2483
6163
6000
6442
2860
8160
4590
1657
9352
198
8654
1261
267
4329
9440
5387
7872
2299
926
5806
3238
4826
3590
9778
6519
5430
6227
8028
4309
5840
4631
7441
803
1758
1751
6071
1374
6636
2195
1032
1975
2700
4272
2562
2893
9438
2900
4140
43
5690
7086
4196
364
8490
703
5315
1670
2085
1433
5025
7866
2102
2690
4037
5863
219
5205
9221
4133
6377
1493
1820
4949
9693
2511
3017
6578
510
7019
2420
915
6846
8766
4315
273
5246
3744
6827
3120
4737
2165
6202
8907
1465
2809
5457
112
5214
2493
7352
6869
8957
8089
9961
3894
8397
4861
4982
317
4620
7640
7190
7260
6584
2500
6826
5353
5178
7340
9246
7671
3245
3146
6299
3069
5933
7201
5850
1749
5578
9188
851
5683
7243
5970
1795
9759
8575
3567
4364
3666
8382
8976
4758
5833
6703
6114
6099
5001
4947
9975
5937
6495
9390
6142
4840
4930
8470
78
9875
2200
1283
3967
459
6962
1911
1492
4511
2084
4471
2057
1040
8149
8471
7286
2713
5823
3252
1885
3900
1988
7643
1750
3878
8413
9319
2851
53
8224
4792
5506
3456
5406
6654
1104
292
4773
9284
2068
3280
7689
8634
7583
3494
4490
4475
3710
1298
4818
5150
6473
1798
989
2183
5740
7140
5605
7725
8351
3461
3722
8135
3443
2054
5050
9007
796
642
7810
1384
310
3002
1
140
5445
5986
3717
4942
4557
3093
2821
3711
9722
6984
7450
9596
4093
8828
3963
4756
6900
5901
6372
4614
1429
4503
753
7241
2647
6841
3804
134
2876
5794
9217
5648
4607
887
5979
5492
8854
5654
2493
347
1188
7877
4015
6828
8670
8628
3986
3838
4647
4337
1058
7100
1755
8026
5991
6801
6164
5196
4312
8242
2077
9562
9581
1211
3824
2602
4990
4849
2414
6106
5550
7895
9051
4896
9998
9340
8178
7870
2543
6706
7405
9284
4088
2250
9577
5280
9440
1882
5369
400
3448
592
8522
8552
2904
3264
1054
9359
1956
233
6456
580
1867
9974
1346
1854
7484
5809
9038
5601
6374
4738
3560
8316
9530
9845
2164
4223
8047
4825
2169
8249
3218
548
185
8752
1911
372
3500
8474
2544
544
6392
5608
2857
5053
7823
8979
1534
5133
7205
7710
8906
1282
173
4763
7629
2449
9903
7433
5416
7345
7495
9835
7512
6770
621
2436
9821
1450
2573
8543
3206
794
3411
7883
251
304
8581
6563
2295
278
1020
8011
9888
6519
1503
1686
9140
2898
3854
9653
9089
8135
7561
2810
5280
9406
3723
282
7055
7447
3142
4161
5147
3388
8796
5152
5639
5570
7927
7409
4875
9694
7718
7659
6443
7893
8964
4561
1618
4828
6950
2900
1372
4878
6113
8713
605
5980
8454
3685
1473
3150
2412
9461
7633
7128
3880
6427
687
2664
8666
9090
2190
6523
7447
3938
7888
3215
4319
4767
3389
9139
4443
8988
6366
1819
3573
3725
2899
5712
6467
3578
199
8804
5665
2287
2606
9299
8266
7792
8247
5589
3363
4058
7204
6448
7172
3749
1971
9082
5251
4501
7833
2683
2591
2320
9594
7153
5815
1834
4823
8942
4293
4044
516
8204
5290
5427
7685
6417
726
7524
7796
5277
4276
5917
978
7664
4784
5511
9336
7625
9718
6952
2520
2889
121
3732
181
3269
9836
6020
1387
7818
5712
7023
8701
8491
7611
3892
7769
8999
6737
5994
8922
662
8386
6382
5514
449
2416
4828
4130
6689
5242
2617
3135
5423
9802
2733
6579
1403
8
910
181
5608
7753
3575
2389
885
6648
3847
1393
4999
9630
8406
4685
609
1217
6387
6066
854
6055
456
8118
1045
6181
3471
8723
3330
5640
9022
1191
3606
9327
1565
8440
109
8627
3529
7361
3117
4740
9345
2958
2678
5426
5149
9376
5845
9269
7998
9181
6450
6377
6736
5527
6218
9577
6908
6311
5559
4518
6059
7606
9130
6789
4805
7592
2843
7539
5335
5973
8343
3749
5299
7029
3081
592
2146
8856
2675
305
9668
1967
7275
5755
8087
3290
8627
1691
7670
8495
6016
3577
2969
4964
6364
1517
2890
7225
8839
5612
3368
7301
1160
4062
5572
1083
9234
9836
4361
5288
1170
4267
5688
8988
2468
8368
97
1075
3061
5823
8479
5119
9315
9348
2138
3988
3776
9373
3392
3007
3014
322
2717
7988
4564
8642
4454
9618
3078
8459
9302
9045
7972
6374
3696
7545
2929
6492
9843
1173
4579
4457
7835
5083
7986
7084
6100
155
745
5496
5194
6735
9834
3882
9676
9398
5086
3126
9742
256
8298
3105
8142
3123
8973
5445
3678
9768
5206
8005
9152
4661
4098
7293
6528
6840
8146
9140
4571
3116
4012
2849
5021
1275
4312
2423
3240
5473
6043
5551
7328
5656
7104
6128
9668
9317
3794
1838
7607
6751
9510
3836
5340
6471
2053
8063
352
2664
2984
8144
9009
6781
7532
2237
1165
5753
